%YAML:1.0
---
ProjectionMat: !!opencv-matrix
   rows: 3
   cols: 4
   dt: d
   data: [920.6949462890625, 0, 348.0517667538334, 0, 0, 934.1571044921875, 177.8464786820405, 0, 0, 0, 1, 0]
LidarToCameraMat: !!opencv-matrix
   rows: 4
   cols: 4
   dt: d
   data: [0, -1, 0, 0, 0, 0, -1, 0, 1, 0, 0, 0, 0, 0, 0, 1]
RotationAngleX: 0
RotationAngleY: 0
RotationAngleZ: 0



